1.47
1.22
6.57
1.56
3.17
5.94
8.30
1.56
2.68
3.69
1.46
1.15
3.59
1.66
13.08
6.36
2.77
3.36
5.41
1.34
4.61
2.39
8.04
4.93
1.20
1.29
7.99
1.16
3.02
1.32
2.66
4.11
7.62
1.18
1.73
3.88
3.96
1.26
1.00
2.74
1.15
1.34
1.31
3.19
4.37
1.83
1.39
1.28
2.87
2.09
6.47
1.18
1.72
1.48
1.31
1.14
3.68
1.46
2.13
1.17
1.18
1.16
1.22
7.27
1.19
5.36
3.38
3.53
3.35
43.38
5.95
9.35
13.27
1.13
1.47
1.10
4.01
4.20
1.98
1.29
2.93
4.20
22.34
2.26
7.63
1.49
3.40
1.12
11.02
15.04
12.11
1.24
1.53
2.71
4.46
1.11
1.85
1.66
75.76
3.05
9.62
7.96
1.16
1.45
2.08
2.10
4.00
1.01
3.48
1.01
2.00
3.23
1.31
1.50
1.74
43.28
2.11
21.03
709.92
3.85
1.35
1.73
6.39
1.60
1.27
1.49
1.75
1.33
4.77
1.07
1.52
