2.85
3.86
3.43
2.25
2.14
2.05
1.07
1.80
1.30
1.07
1.07
35.44
1.00
43.98
1.00
1.59
5.04
141.17
2.90
2.10
1.31
4.39
1.31
1.14
3.61
1.50
2.21
1.23
1.45
4.88
1.17
2.59
1.45
1.03
1.40
1.57
3.46
4.89
1.63
1.06
1.37
3.79
1.17
1.09
3.34
1.08
2.28
1.06
4.45
1.36
1.10
1.62
11.28
1.13
1.04
19.16
1.72
2.34
136.45
11.01
4.05
2.64
1.54
5.20
1.40
5.84
19.17
25.23
26.49
3.20
1.03
1.67
15.91
1.11
1.29
1.38
2.28
2.72
2.42
2.51
1.02
12.02
10.78
1.05
1.67
568.65
1.00
1.94
3.77
7.51
1.40
3.27
2.83
733.15
1.85
1.09
2.00
1.43
5.12
3.83
1.48
1.46
2.06
8.87
1.36
2.09
1.09
2.00
3.84
1.13
1.09
1.45
1.39
3.40
2.88
2.52
5.36
1.14
1.35
2.24
1.52
277.60
2.76
5.57
1.26
1.25
1.01
1.49
1.96
2.70
45.67
1.83
1.64
6.32
3.25
1.01
2.31
3.53
3.98
2.09
1.06
1.30
103.24
