1.34
2.86
1.26
1.54
1.86
4.44
8.85
2.42
2.07
2.05
9.41
2.10
1.68
1.42
1.05
1.33
6.41
1.55
1.45
1.66
2.14
1.72
3.57
1.00
3.23
5.08
2.57
1.88
1.17
4.24
6.38
1.34
1.39
1.14
2.35
1.12
2.11
159.55
1.34
3.43
1.14
1.68
1.45
2.09
9.12
10.32
4.34
1.77
10.46
1.22
43.41
1.00
2.40
2.59
1.00
1.03
1.10
1.56
2.97
1.21
3.98
1.45
3.01
1.02
1.48
1.91
2.34
1.43
2.28
1.00
6.10
2.56
6.47
1.25
1.34
5.73
2.54
1.12
1.00
1.46
104.62
2.55
1.06
2.44
1.05
1.48
1.33
3.14
1.10
1.00
1.30
9.52
1.14
2.18
2.09
2.90
1.26
5.17
1.96
1.09
1.08
1.10
1.14
1.84
2.53
1.01
1.38
1.03
1.53
32.42
2.24
2.36
1.00
2.34
1.76
1.37
2.21
1.06
3.45
8.50
47.62
2.15
4.08
1.57
1.61
1.00
1.05
52.74
22.37
1.61
3.48
9.15
1.10
1.68
1.43
1.49
1.27
1.40
12.46
2.23
6.05
1.91
5.85
25.03
2.43
5.66
10.85
1.85
1.09
2.67
