2.18
1.41
1.34
10.47
2.26
1.96
6.87
1.34
2.10
44.40
1.04
1.14
2.32
26.67
2.18
2.22
4.32
1.00
3.56
4.53
1.21
1.35
12.57
3.91
235.56
1.07
1.95
1.35
1.93
1.08
2.78
30.97
9.85
4.34
14.52
1.38
22.85
2.35
1.90
3.64
1.63
2.05
1.69
19.45
1.99
1.05
1.98
7.02
1.61
1.00
6.70
2.12
61.25
1.15
6.45
1.25
1.57
1.59
75.01
1.56
1.51
1.46
8.34
1.00
1.15
2.17
1.55
1.15
1.00
1.12
1.01
11.94
1.22
1.21
2.12
22.21
1.86
1.22
1.31
1.11
2.26
2.26
6.95
19.42
22.94
1.60
8.47
3.02
2.19
1.12
1690.04
2.18
3.84
1.11
1.27
2.20
8.63
1.02
1.43
2.34
1.26
1.00
2.89
1.59
4.36
7.76
1.00
1.63
2.85
2.03
2.16
1.73
1.26
1.01
1.00
1.11
34.89
2.25
3.08
1.72
1.61
1.70
1.33
1.05
7.09
11.92
2.67
2.26
2.46
1.10
1.82
1.65
3.39
7.47
1.07
1.91
1.00
1.61
1.51
1.56
1.00
4.62
1.07
