12.90
1.00
23.87
3.03
1.11
4.85
1.65
2.82
1.09
1.68
1.10
1.49
4.77
8.22
1.76
1.32
1.31
1.02
4.44
1.38
2.11
3.28
1.49
1.59
1.69
1.63
1.84
2.30
2.33
25.71
4.26
1.00
1.04
1.11
2.00
1.25
1.16
1.27
4.88
1.87
3.83
1.13
1.85
14.04
3.12
2.03
1.36
1.66
1.56
1.47
1.04
1.91
2.05
1.40
4.02
1.70
4.20
1.33
1.09
1.33
1.75
4.20
6.91
1.05
9.64
3.71
1.34
1.62
5.36
3.05
3.32
1.00
1.78
2.00
1.88
1.00
1.40
1.18
1.44
15.49
2.64
1.91
1.32
5.01
2.34
13.22
2.00
1.07
1.11
1.11
1.79
1.62
1.31
1.08
1.14
17.73
1.17
16.29
2.71
1.48
1.53
6.75
1.29
1.53
1.60
2.66
11.78
1.66
18.60
1.85
1.52
32.85
1.67
5.21
6.49
2.24
3.19
2.87
1.50
1.17
2.36
1.00
1.01
11.37
2.03
1.27
1.08
7.09
1.04
1.47
1.13
17.07
1.33
1.27
4.81
2.34
1.79
3.80
13.34
3.98
1.17
1.16
1.26
3.70
17.01
2.94
5.20
1.86
2.69
10.67
1.04
2.56
1.17
1.47
