1.45
1.02
1.24
1.57
1.07
13.54
1.59
1.12
1.36
1.39
69.50
2.49
1.11
1.38
8.31
1.42
6.53
1.40
1.23
1.09
3.33
1.73
1.31
8.82
4.33
1.57
1.18
1.69
1.39
1.66
2.36
3.97
1.17
1.02
1.96
5.26
1.05
8.57
4.82
1.70
1.05
4.45
1.14
1.79
1.67
1.64
1.48
4.43
20.04
5.01
1.11
1.50
2.26
7.06
2.35
1.34
3.93
5.55
2.10
1.58
1.10
1.12
1.33
79.88
4.41
1.20
1.34
1.13
1.06
1.98
1.01
1.38
5.98
1.09
1.06
68.65
1.44
2.13
1.80
1.47
1.18
2.97
13.19
5.68
1.33
1.13
3.85
6.98
1.90
8.22
2.56
1.41
136.14
11.26
1.25
1.39
1.63
2.93
1.51
1.42
118.29
2.21
2.11
1.00
1.40
3.32
1.29
1.51
1.48
3.82
2.68
7.71
1.63
1.00
1.20
2.50
1.01
29.90
1.50
7.89
1.04
1.06
3.10
1.34
1.89
1.45
1.14
2.33
2.47
6.64
2.31
3.88
1.16
1.55
66.63
1.27
1.85
2.40
1.49
1.48
1.40
2.89
1.86
1.44
1.16
1.09
5.00
1.67
1.04
1.60
1.08
3.39
3.39
1.21
3.72
1.08
2.47
1.01
2.50
2.08
