1.57
1.14
3.05
1.45
50.76
1.59
11.39
1.06
2.67
2.55
2.59
2.50
1.50
1.61
65.02
1.35
1.97
1.73
1.10
1.50
40.76
1.23
1.32
3.14
3.39
2.02
2.00
2.61
1.48
1.52
1.84
3.11
2.15
10.77
5.22
16.37
3.15
3.82
14.17
3.12
5.32
4.28
1.56
2.56
1.11
20.26
20.79
2.81
1.50
1.35
6.55
3.62
1.89
1.97
3.36
5.89
1.11
1.27
13.54
1.70
1.62
1.17
2.55
1.71
1.03
1.78
4.64
1.19
1.34
1.30
13.86
5.54
1.55
1.07
1.27
2.19
6.60
31.38
1.12
30.14
1.00
6.21
1.08
3.01
1.24
5.92
1.38
15.37
1.53
1.19
2.84
2.10
3.54
12.90
1.24
3.20
1.52
1.22
1.15
8.97
1.45
2.46
1.75
1.35
13.45
9.02
1.83
4.13
4.19
5.23
1.75
1.00
1.33
2.14
1.79
3.07
1.00
1.47
7.06
1.00
1.43
4.83
1.67
3.07
1.00
1.07
13.75
1.87
1.51
1.45
1.49
239.85
1.77
312.82
