1.87
1.31
17.68
2.40
1.09
1.80
1.90
1.75
1.18
1.00
2.33
3.62
1.45
3.82
2.15
1.31
1.01
1.87
1.45
3.28
2.47
1.02
7.78
7.50
1.69
1.49
4.05
2.99
1.31
4.88
8.54
3.65
1.02
2.20
174.70
2.63
2.11
2.49
2.08
1.14
1.74
1.38
1.57
1.07
1.45
2.28
6.18
2.07
1.06
1.38
3.02
1.00
2.82
1.92
5.27
1.47
1.70
1.24
2.06
3.11
1.10
3.55
1.26
1.75
2.94
2.73
1.00
5.66
7.10
1.00
2.25
2.74
1.56
2.07
8.96
2.42
2.48
3.30
29.08
6.81
4.15
2.67
1.64
24.74
7.45
2.36
2.31
1.97
2.69
4.37
1.44
1.47
1.46
19.78
1.31
1.20
1.00
6.47
1.17
1.19
176.44
3.18
2.92
6.64
2.72
2.58
7.31
1.19
3.12
1.73
3.38
1.59
2.43
1.24
2.97
3.31
1.48
1.38
5.44
1.00
1.00
1.00
1.04
1.25
6.91
1.24
1.17
2.26
1.26
1.02
1.18
7.62
1.33
4.65
4.08
13.22
11.49
22.73
1.16
2.75
6.89
1.51
1.39
1.58
1.60
4.95
1.68
1.89
3.12
1.00
7.23
4.15
