1.09
1.09
2.65
1.63
2.18
17.94
2.91
1.03
7.95
1.75
2.18
2.43
1.07
1.00
1.66
1.64
1.15
3.98
1.10
1.73
1.66
4.46
13.91
1596.52
1.87
1.88
34.93
1.21
1.41
3.47
1.17
2.90
2.03
5.29
2.04
1.26
23.90
2.41
1.74
1.13
2.63
1.80
1.07
2.41
1.80
1.01
4.38
8.79
1.64
1.60
2.23
10.67
5.32
1.09
6.07
6.81
1.81
3.10
1.67
2.19
1.56
1.06
2.51
5.76
2.47
3.46
1.10
1.79
22.05
27.86
1.21
4.38
20.25
1.44
2.57
1.00
1.37
15.46
1.24
4.99
1.07
4.81
5.20
1.06
6.03
1.93
1.88
12.18
1.12
5.75
4.67
1.77
1.04
12.92
1.19
1.68
1.92
3.73
88.06
1.03
1.76
10.45
5.34
1.04
1.07
1.57
1.29
1.16
2.32
2.72
1.07
3.00
3.66
1.40
3.47
1.15
1.45
1.21
1.05
4.47
1.14
2.11
1.98
2.47
16.78
1.86
1.12
6.55
2.50
1.23
1.17
15.28
1.61
8.17
1.71
1.01
3.06
1.07
1.09
4.83
1.43
1.48
1.42
1.38
2.27
2.01
3.15
1.06
1.83
