1.37
3.92
5.60
2.42
10.60
1.28
1.85
91.50
7.77
1.57
1.19
1.75
1.94
5.55
11.34
1.16
1.23
5.15
2.40
8.44
1.40
1.45
2.99
2.02
2.51
1.26
1.87
1.78
1.54
40.48
3.14
129.32
19.95
1.23
1.62
12.99
1.36
1.01
1.09
1.67
1.00
26.35
1.21
1.50
1.35
3.13
5.25
5.08
1.02
1.43
1.01
1.48
1.29
1.77
1.23
1.55
5.09
2.73
1.64
1.10
1.20
1.42
7.15
2.25
1.14
1.01
1.54
1.14
1.35
6.98
6.20
1.00
1.06
324.37
2.21
4.87
2.66
1.44
1.50
2.35
11.66
3.19
1.30
1.04
1.19
1.22
1.36
5.08
2.28
1.03
1.27
9.08
2.14
3.99
2.65
1.90
1.07
1.01
5.13
1.54
1.23
2.05
2.18
1.03
1.58
1.87
2.27
2.36
2.36
1.83
2.07
1.01
2.71
1.07
1.88
3.47
1.19
1.10
2.22
5.96
3.36
1.49
1.14
3.37
25.68
1.08
4.69
2.30
5.02
3.02
3.50
1.55
4.35
1.59
1.87
1.16
5.45
3.78
5.09
13.34
9.07
10.65
1.29
1.54
1.14
2.27
1.90
4.72
3.08
1.12
2.45
2.53
1.14
2.04
1.20
1.74
2.35
1.74
3.10
8.58
