9.17
1.10
2.74
1.58
18.61
1.11
2.21
1.63
1.12
4.09
2.51
3.41
2.25
2.98
3.79
1.96
1.24
2.95
1.00
1.10
1.00
1.73
1.53
3.80
21.54
1.16
1.38
1.13
1.00
57.58
1.00
1.45
1.35
2.80
1.23
1.47
1.58
2.62
1.00
3.68
7.08
1.14
2.23
2.07
1.43
1.63
2.66
1.04
30.85
2.03
2.77
1.02
2.00
1.69
2.71
1.36
2.28
1.50
8.72
1.30
4.24
1.07
1.18
1.21
61.73
2.47
1.34
1.03
2.03
1.89
2.86
19.79
1.90
7.28
1.13
2.38
1.68
2.01
1.04
1.76
3.71
2.36
1.99
11.19
1.38
1.99
9.34
1.80
1.36
1.71
1.53
13.98
1.36
2.06
1.52
1.17
15.91
2.15
2.73
4.26
1.93
56.51
1.02
2.13
2.75
4.62
1.05
2.89
2.90
1.00
2.03
1.25
5.62
1.74
19.99
5.62
9.90
1.08
1.00
1.82
2.22
2.30
2.15
1.63
1.36
2.52
4.02
5.98
1.55
2.22
2.04
2.81
9.04
38.29
1.67
1.13
3.36
4.03
1.16
1.84
5.63
3.40
1.37
1.13
2.63
1.10
3.62
2.92
2.34
1.57
3.76
2.37
1.22
28.08
