1.26
2.03
1.69
1.06
1.06
1.11
3.43
8.91
1.45
1.49
1.63
1.10
2.90
1.18
1.00
1.00
6.93
2.24
245.50
60.03
6.77
2.30
2.81
7.94
1.53
1.12
1.53
1.54
2.13
1.07
1.85
3.56
2.45
34.23
10.50
1.20
1.40
5.25
1.20
4.25
13.63
2.95
1.97
1.19
1.13
2.65
2.55
5.44
1.02
8.94
4.29
3.01
22.50
3.12
1.14
4.15
1.10
1.36
5.46
2.58
1.16
2.87
23.39
4.65
1.00
13.60
12.12
1.04
1.17
4.07
1.01
1.97
1.50
3.25
48.50
1.44
2.63
1.00
4.10
5.98
5.27
2.60
4.95
1.30
1.00
1.45
2.38
2.23
2.68
2.87
1.06
119.18
8.18
1.26
2.57
3.28
1.84
1.12
1.30
2.15
3.40
2.20
1.77
54.48
33.92
3.10
2.34
37.46
21.11
1.98
7.48
2.45
4.05
16.48
1.24
1.15
1.00
9.01
2.33
1.09
3.73
1.16
39.51
1.23
2.21
2.67
4.70
1.00
1.08
2.77
5.66
1.00
1.15
6.60
1.00
1.72
1.79
1.24
