1.50
4.80
1.83
15.08
1.18
1.00
1.94
1.93
2.14
1.37
2.07
5.40
1.02
1.32
1.57
1.14
1.67
1.12
1.31
1.54
5.63
2.14
1.00
1.38
3.87
3.94
1.96
1.09
1.45
8.83
1.14
1.66
9.00
3.90
1.41
4.96
1.40
1.61
1.04
6.15
11.36
1.53
1.16
1.48
3.03
208.68
1.16
2.87
2.31
1.80
27.17
1.07
1.63
1.13
1.29
5.80
40.79
4.54
3.02
5.71
1.07
19.15
1.07
1.18
2.08
1.60
5.20
1.13
1.09
22.33
1.23
1.24
2.15
2.97
2.05
2.16
3.86
1.71
1.69
2.07
1.00
1.05
1.00
2.12
3.08
3.84
126.18
1.54
1.24
2.06
2.45
1.13
3.71
9.02
1.28
1.00
1.55
1.03
3.16
2.95
1.66
2.97
4.92
1.95
2.69
6.92
1.41
8.84
10.06
1.23
2.60
9.70
1.73
3.38
1.17
1.03
1.47
1.25
2.49
1.40
2.16
5.08
1.56
2.78
2.36
3.37
1.14
1.32
2.11
1.12
1.55
1.36
1.29
1.26
1.06
1.19
359.82
3.16
2.20
2.32
1.02
1.09
4.00
7.88
4.02
1.43
1.32
2.24
1.07
1.25
2.60
1.62
