1.30
21.55
8.55
7.96
3.92
2.22
2.04
1.13
2.12
2.62
2.16
2.66
1.53
4.09
7.92
1.31
1.00
3.68
2.59
1.02
2.05
1.22
1.00
1.16
1.07
1.22
4.90
3.64
1.58
1.06
15.36
1.38
1.18
18.10
1.75
2.93
99.19
2.49
1.84
2.14
4.22
11.11
1.08
3.38
1.14
4.77
8.94
2.01
1.61
1.60
8.02
103.46
1.10
1.32
1.30
1.70
1.13
1.51
1.39
35.17
4.57
2.64
6.08
2.73
1.75
1.59
2.27
1.12
7.52
1.15
2.16
1.02
1.93
3.55
4.77
1.05
195.51
1.67
1.37
1.83
1.03
2.53
1.30
3.76
10.09
1.36
1.64
1.29
1.56
1.02
8.38
1.33
4.58
1.94
19.42
2.14
1.15
1.10
1.00
146.89
26.63
1.55
1.07
1.19
1.06
1.06
9.94
11.65
2.22
3.92
70.04
15.29
3.78
2.98
1.20
6.88
1.08
1.04
2.12
1.12
1.04
9.43
2.34
6.58
1.05
2.62
2.46
1.39
1.10
3.47
1.57
1.31
4.84
1.97
1.00
2.78
1.45
1.24
2.22
14.87
1.59
1.04
5.77
2.08
2.30
3.60
1.77
1.35
