1.50
6.58
1.09
1.03
2.57
1.32
3.51
1.36
1.48
1.88
1.55
2.47
6.70
3.26
1.03
1.58
1.79
1.07
3.14
1.00
5.71
3.58
10.70
5.40
1.87
1.34
2.42
2.33
1.15
1.13
2.24
1.21
6.88
7.06
18.81
3.91
18.62
1.86
1.46
5.40
4.73
1.01
1.14
1.11
1.79
3.10
2.86
1.25
3.94
1.42
2.30
1.76
1.30
4.97
1.00
4.83
3.38
1.30
1.22
15.70
55.70
6.78
5.90
1.91
1.21
2.70
12.78
9.68
1.11
14.53
8.28
1.05
1.39
73.11
2.47
1.50
1.15
1.71
7.37
19.62
3.52
1.12
1.00
1.04
16.85
23.92
1.48
1.58
1.03
1.09
5.16
4.26
1.06
9.17
3.27
17.64
4.14
22.07
2.49
2.81
824.94
3.05
1.53
1.59
1.87
1.34
4.01
1.09
10.00
1.36
1.95
1.14
2.23
1.47
1.20
2.89
22.28
1.01
2.41
1.24
1.06
20.24
1.30
1.00
12.53
1.70
1.04
2.64
1.63
1.18
2.45
1.51
2.16
1.40
9.86
1.79
1.77
5.45
3.93
1.18
2.41
1.75
3.82
1.64
55.81
1.77
