2.25
26.50
16.83
5.75
1.46
1.25
1.52
1.86
1.29
4.10
3.43
1.24
1.04
1.07
1.26
4.28
1.05
1.43
1.86
2.72
9.37
3.85
1.26
4.36
6.00
2.98
1.19
1.08
6.01
1.43
1.56
6.73
20.22
1.45
2.43
3.15
1.98
3.64
2.07
1.14
2.07
3.31
3.53
1.55
1.82
2.39
29.02
4.12
5.43
1.09
1.83
4.90
5.63
1.71
1.49
14.66
1.01
1.89
1.24
1.13
9.70
2.24
21.29
6.95
2.47
2.55
2.90
5.89
4.22
1.99
1.55
2.22
1.21
1.07
1.55
1.38
1.10
1.91
1.05
2.74
1.60
1.87
1.00
1.16
2.05
2.58
2.66
1.19
4.57
2.72
8.95
1.00
1.52
1.51
1.04
2.84
2.74
1.16
4.84
1.00
3.08
1.96
8.92
3.81
2.64
6.49
29.27
1.59
1.28
1.07
1.14
1.10
1.47
1.13
1.33
34.87
1.38
9.87
1.26
1.11
1.92
11.03
1.89
1.82
5.64
4.73
1.25
9.80
7.08
1.30
1.40
1.18
11.12
212.14
1.65
1.25
44.16
2.08
6.07
1.31
1.85
1.58
3.92
35.62
5.71
1.58
1.83
1.05
