1.43
1.26
1.33
11.01
1.73
1.73
7.07
1.33
2.48
1.09
1.00
12.00
1.90
3.39
31.36
1.51
3.63
2.09
1.07
6.48
7.51
1.18
1.07
2.44
2.09
1.00
1.60
1.00
1.08
1.15
1.30
18.86
2.21
2.11
1.32
14.16
1.00
8.72
1.62
5.38
1.49
8.38
12.30
1.26
2.54
4.33
1.59
2.44
3.43
1.25
1.74
1.47
3.14
2.55
3.35
1.30
2.45
1.01
3.12
1.20
1.08
1.48
1.65
3.55
6.09
1.49
1.68
2.23
14.62
5.45
1.11
1.38
1.26
1.00
1.47
17.79
1.97
1.29
9.40
1.00
1.07
1.00
5.48
1.02
1.53
1.41
1.07
1.67
1.28
1.20
11.17
3.18
4.19
2.90
1.73
1.87
1.86
4.11
1.03
125.54
8.88
1.00
2.23
2.48
4.59
2.20
2.72
1.34
2.17
7.79
1.43
1.67
1.11
42.86
1.71
18.40
1.39
1.23
10.49
1.26
2.44
1.00
2.42
3.35
1.46
2.59
1.03
3.04
1.00
3.60
1.22
1.07
6.35
1.16
2.37
23.46
51.49
1.32
1.08
1.44
2.69
1.67
1.39
1.35
1.79
1.18
5.83
1.25
25.67
