1.03
1.41
1.39
9.03
2.75
1.33
1.26
2.49
1.02
3.73
1.49
2.28
2.72
1.91
10.65
1.09
167.50
2.80
1.46
8.64
6.12
2.89
5.53
10.52
1.44
1.28
1.25
2.75
1.04
1.51
1.65
2.29
1.43
1.00
1.07
1.07
1.66
1.03
1.15
5.87
19.77
2.31
1.58
1.57
1.75
1.28
1.00
1.03
10.69
27.35
1.11
1.32
31.93
1.73
2.12
1.00
1.09
1.41
1.12
1.42
9.05
3.00
9.65
1.11
1.34
18.36
1.27
1.33
3.27
4.79
1.49
1.01
1.00
97.73
1.09
1.49
1.21
7.28
1.38
1.49
1.13
1.23
1.33
18.81
20.49
1.84
3.21
1.32
1.13
7.78
1.00
1.13
4.35
1.28
4.01
2.74
2.85
2.42
1.78
1.37
10.83
60.89
3.12
1.18
1.00
3.08
1.46
3.20
1.95
1.49
2.15
6.70
1.09
1.90
2.47
3.53
1.46
2.97
1.44
1.14
3.95
9.56
3.73
1.63
5.21
2.46
6.58
1.39
3.06
5.86
4.58
1.77
2.86
1.58
1.89
299.34
1.81
1.00
18.75
5.28
1.68
1.20
6.15
1.27
1.07
1.81
10.03
1.00
4.54
1.13
1.06
3.88
