3.30
7.69
1.67
1.10
1.26
2.84
849.41
5.59
3.88
1.17
12.36
2.73
1.02
2.18
1.56
5.45
247.15
3.16
5.23
12.69
1.07
1.00
1.32
1.20
1.06
2.49
2.19
17.61
1.88
13.44
1.34
2.31
2.77
2.34
1.07
6.47
17.65
1.74
1.32
2.69
1.58
1.05
4.48
1.17
1.71
2.29
2.01
1.97
2.78
2.45
26.86
1.00
12.00
2.83
2.42
30.07
1.06
5.74
6.35
1.78
6.56
1.35
1.46
1.28
1.10
1.04
1.65
1.05
1.20
1.23
1.06
3.78
2.03
1.22
1.22
1.82
1.20
1.89
1.24
1.05
1.00
1.10
1.78
1.58
3.92
10.18
3.80
1.78
1.59
1.19
1.14
2.22
1.28
1.26
1.61
1.39
1.42
10.71
1.58
2.43
27.22
1.15
145.90
1.12
1.36
3.26
31.61
3.25
2.01
2.23
1.57
5.80
1.80
1.40
1.22
1.32
1.97
2.59
9.41
1.05
2.36
1.90
1.60
1.07
2.20
1.28
1.57
1.62
1.37
1.30
1.00
4.48
1.11
3.06
11.05
1.11
2.02
1.52
1.36
2.58
18.98
1.45
1.46
1.41
2.85
8.32
3.89
19.57
