3.89
2.49
1.87
1.37
1.20
2.41
8.04
4.07
1.80
4.45
1.14
1.56
5.01
12.84
1.00
6.17
5.02
4.26
7.61
3.13
4.09
3.15
3.06
2.10
2.00
10.99
1.02
1.32
1.47
1.14
1.30
1.40
1.69
1.64
1.61
2.72
1.39
8.88
2.44
1.33
3.32
4.73
5.32
6.13
1.11
47.86
2.34
1.41
1.76
1.95
55.45
3.79
1.35
1.06
4.03
2.02
1.31
1.35
3.86
1.08
1.93
1.00
4.13
7.12
16.26
1.41
2.53
2.73
1.47
10.10
3.69
12.46
1.15
3.12
1.29
1.59
1.08
3.81
1.00
1.24
1.17
1.17
11.56
1.64
12.58
7.11
1.30
1.29
1.80
2.00
2.18
1.13
1.95
2.00
72.12
1.96
1.04
1.60
1.79
1.13
1.85
4.14
2.20
1.44
1.72
3.36
1.02
1.14
2.35
1.02
1.22
1.84
1.06
2.07
3.18
3.76
1.40
17.16
1.15
1.53
1.55
1.23
1.01
1.94
1.00
1.93
3.31
1.66
2.53
3.86
2.51
1.13
1.00
1.27
3.26
2.95
7.44
2.60
1.09
3.17
20.73
2.03
10.96
1.15
3.64
1.44
1.00
3.56
1.33
124.99
1.03
1.60
1.00
3.57
1.49
2.24
3.09
