6.07
1.20
1.08
1.61
1.15
1.99
1.29
1.96
1.73
2.43
1.20
2.85
1.74
2.69
58.73
1.03
6.85
1.96
3.62
2.60
1.21
131.14
14.32
1.62
2.01
1.57
1.85
1.13
17.59
2.34
1.45
1.76
6.51
1.57
1.21
1.02
2.43
2.05
3.82
2.86
4.85
1.00
1.00
1.03
4.89
2.85
1.78
1.16
3.32
13.19
4.56
1.52
1.28
1.01
2.32
8.23
1.82
1.21
3.75
113.73
11.46
2.39
7.80
4.26
2.62
1.25
55.53
1.99
1.18
4.04
5.52
1.11
1.39
4.96
1.15
4.95
6.98
5.36
6.12
1.09
1.01
1.10
2.08
1.04
2.13
1.03
2.84
12.20
3.91
1.59
33.96
1.02
1.09
11.02
3.88
1.64
1.28
1.06
8.26
1.29
1.94
2.74
1.34
3.93
2.76
1.49
19.75
1.80
4.61
1.59
1.70
1.44
1.79
1.05
2.68
9.57
2.77
1.78
1.92
1.24
1.96
2.24
1.88
1.83
1.10
4.48
1.27
1.10
1.32
1.09
1.29
1.02
2.20
1.47
5.65
1.17
4.71
2.89
18.95
1.17
4.27
43.52
2.80
1.22
2.63
11.17
