21.55
4.24
10.87
1.15
2.12
1.41
1.12
5.27
1.58
1.77
1.05
7.22
15.99
6.72
4.68
3.48
96.50
2.85
21.10
2.16
1.39
1.40
3.01
1.13
2.91
4.45
1.49
1.42
1.21
1.28
2.07
3.29
1.39
1.05
1.25
1.10
7.47
1.21
2.03
1.21
1.13
1.07
202.60
2.89
2.18
1.44
3.51
1.20
5.03
2.12
3.51
40.96
16.45
2.24
1.44
1.39
1.00
1.05
2.43
9.46
1.10
1.79
8.15
3.81
12.39
3.80
188.52
5.47
2.14
4.35
3.08
1.04
2.39
1.01
1.62
2.33
1.70
1.03
1.39
5.05
1.08
1.55
1.67
45.48
3.50
2.04
1.74
1.51
1.31
1.78
3.62
3.04
4.38
1.28
1.81
2.28
2.14
1.41
1.15
1.24
4.76
2.08
2.28
1.19
2.81
1.22
5.07
1.21
1.38
14.72
1.77
4.10
1.13
1.74
3.02
3.39
10.22
1.01
1.52
1.14
3.15
1.32
1.00
2.88
1.72
34.83
1.62
6.68
1.55
3.59
2.29
2.50
1.35
1.05
8.39
1.10
2.09
2.26
1.94
1.22
1.93
4.07
1.44
3.57
22.92
