1.22
1.50
2.17
1.03
1.12
1.00
1.19
2.04
4.22
1.72
1.36
1.20
1.74
4.24
3.27
2.81
2.09
7.44
1.07
3.00
1.77
19.23
42.12
2.41
1.04
1.92
2.41
1.53
1.15
7.07
1.27
1.81
6.82
1.41
2.95
1.14
1.01
1.17
14.43
1.26
1.47
2.08
4.54
8.48
4.88
1.07
2.51
9.07
1.31
12.43
1.93
7.83
4.77
1.98
1.46
1.24
1.14
3.40
1.07
1.72
1.59
1.85
1.85
1.16
1.50
1.15
4.07
1.76
1.06
7.17
2.08
1.06
9.58
2.07
1.19
6.26
1.52
1.12
9.19
3.90
1.52
1.96
3.82
2.76
12.63
1.00
4.59
18.75
2.44
3.14
2.11
15.68
2.57
2.50
2.62
26.74
4.24
3.58
1.22
4.53
3.18
55.58
1.77
1.15
1.00
1.16
3.13
2.28
1.77
1.19
1.25
1.66
17.27
2.37
4.45
1.34
1.50
2.60
1.00
2.89
1.33
9.17
1.37
2.57
2.26
4.89
2.10
2.42
1.24
1.20
1.22
1.80
4.71
1.02
18.38
1.06
1.15
1.29
10.62
21.14
1.21
1.46
1.17
4.58
1.58
1.64
1.78
14.90
2.59
6.10
3.58
7.99
3.61
