1.25
10.47
2.23
7.47
1.40
1.11
15.44
11.83
2.04
1.72
4.26
6.33
3.20
2.67
2.10
3.70
1.00
4.47
3.79
1.23
1.47
2.47
1.37
1.50
18.35
1.19
1.31
2.18
1.75
25.45
2.42
1.55
1.16
11.50
1.16
3.55
5.06
3.45
1.72
1.20
3.34
1.28
5.00
32.44
1.56
1.83
4.55
8.45
1.15
50.69
1.54
5.15
1.20
1.93
1.38
1.29
1.09
3.77
1.09
2.70
1.01
1.25
1.00
5.74
1.12
4.65
6.76
2.20
1.07
3.68
1.24
15.26
2.00
2.83
1.95
8.63
1.68
2.40
1.01
8.28
1.09
3.15
2.68
1.66
2.91
1.06
1.09
3.23
1.25
2.59
3.49
10.90
1.48
5.74
2.22
4.18
1.07
2.98
1.00
1.37
1.75
3.30
2.76
1.00
41.13
4.50
2.90
1.58
4.85
2.33
2.34
2.79
1.70
1.74
5.60
1.22
1.68
1.19
3.27
2.62
1.68
1.60
4.49
10.33
1.31
2.34
3.69
5.83
2.00
83.29
1.37
1.08
1.90
4.24
10.07
1.07
1.78
3.01
1.21
1.11
1.23
3.27
