1.15
23.62
1.41
2.83
1.36
1.18
1.62
12.87
1.03
1.39
6.23
9.76
1.45
2.11
1.02
1.00
1.45
2.73
4.89
1.47
11.11
1.62
2.11
4.02
8.47
2.72
1.55
1.32
1299.66
1.18
3.85
1.62
2.55
1.91
1.12
66.19
1.59
136.32
1.18
2.72
1.18
58.10
2.01
1.64
2.15
3.49
1.94
3.81
1.11
1.11
1.48
1.83
4.02
1.24
2.37
7.89
14.62
3.36
3.49
1.50
5.58
1.02
2.00
1.28
23.69
2.39
1.27
1.00
1.79
2.56
8.67
5.35
1.62
3.77
1.40
1.18
187.17
3.58
1.91
75.42
1.01
1.38
1.22
1.00
2.34
4.74
1.01
1.98
1.24
1.10
2.21
1.62
1.04
1.26
3.80
6.92
1.01
2.07
17.33
1.60
1.58
5.57
2.04
2.74
1.84
1.02
3.36
2.30
4.12
1.25
7.80
1.38
1.00
1.03
1.08
1.51
1.94
16.45
3.51
1.25
1.81
1.32
2.15
2.40
3.40
3.26
1.48
2.26
2.08
4.78
1.00
862.04
2.94
1.28
1.00
1.82
1.17
3.43
6.60
4.69
3.66
1.09
1.71
1.03
1.53
1.07
1.88
11.06
