1.46
8.48
1.59
7.23
1.32
6.78
1.29
2.44
7.26
12.40
1.00
1.42
51.28
2.48
1.36
2.04
2.90
4.06
2.81
4.94
3.26
3.98
4.78
8.10
1.93
21.44
2.06
4.08
1.00
5.61
1.00
1.51
12.28
1.36
7.71
1.82
1.45
1.76
1.67
2.01
1.06
1.68
1.42
1.36
1.00
36.23
1.03
9.80
3.65
1.10
1.15
36.35
1.21
1.04
346.18
1.04
2.20
1.19
1.49
4.40
15.87
1.28
2.25
1.38
29.21
1.20
1.15
3.47
1.81
1.34
2.06
1.10
4.91
1.00
2.49
1.98
3.73
1.04
1.48
1.00
2.81
1.06
2.60
6.13
3.34
2.19
1.16
3.32
1.37
65.22
34.01
3.06
1.13
1.00
7.34
4.51
1.32
2.25
5.53
2.57
2.51
1.00
1.13
2.87
1.04
1.01
2.56
1.00
1.40
1.18
8.46
1.72
1.21
2.44
4.65
2.07
6.31
3.86
13.81
1.82
2.33
7.16
1.02
1.67
1.32
4.80
1.11
1.12
4.87
4.37
37.78
1.18
2.41
2.13
3.33
24.88
4.01
50.39
1.50
1.00
13.54
1.73
2.53
1.00
1.07
2.07
1.34
5.61
1.07
7.98
1.48
5.43
