1.31
1.69
5.43
1.25
1.84
1.69
3.63
2.14
1.82
1.01
3.47
1.29
1.45
6.74
1.65
1.57
1.29
1.27
5.30
5.35
1.71
1.06
1.00
1.23
1.39
5.32
1.59
1.17
1.02
2.00
35.23
1.00
1.09
2.61
4.13
1.13
1.33
1.20
1.20
1.76
21.75
3.63
13.78
1.00
1.54
1.65
75.83
1.73
3.13
1.04
1.02
1.14
2.36
2.36
1.20
1.07
20.84
18.92
5.91
1.21
1.53
1.31
2.14
1.13
2.20
4.52
3.39
1.42
20.45
5.34
9.12
1.25
3.00
1.74
1.06
1.42
3.32
2.74
1.53
3.69
1.21
9.69
1.17
1.27
8.67
19.48
6.40
1.60
1.08
1.37
1.00
4.12
1.41
1.17
10.12
537.90
1.60
2.08
1.55
6.68
2.14
13.87
6.44
1.11
2.98
1.01
2.18
2.60
2.19
1.38
1.00
3.41
1.28
2.74
3.10
1.58
1.79
15.46
3.25
7.82
5.13
75.01
1.15
1.21
1.16
1.05
1.28
1.27
1.01
1.64
1.08
2.93
6.42
1.15
2.38
2.99
1.50
1.34
1.81
1.10
1.33
1.87
1.15
2.85
1.70
1.26
1.09
1.74
1.80
1.01
6.29
1.07
1.34
2.19
1.76
1.23
1.72
1.22
9.18
1.30
3.17
1.00
3.83
1.27
10.99
2.57
