1.04
3.98
6.56
17.18
1.00
7.74
1.17
1.31
1.46
4.32
3.48
1.72
1.01
2.91
1.51
3.65
1.29
5.36
12.45
1.02
1.47
8.25
2.02
1.71
2.98
2.18
3.64
1.29
7.00
1.00
10882.30
3.05
1.52
3.71
10.52
1.62
1.29
3.01
1.55
1.25
4.19
1.53
3.81
1.80
1.70
4.51
2.15
1.04
3.03
1.12
1.73
1.50
1.03
1.53
4.24
6.35
1.00
8.13
1.31
28.28
1.28
3.84
2.30
1.07
11.60
1.81
2.54
1.82
3.40
1.53
1.97
15.68
36.32
1.06
2.20
6.73
1.29
2.49
8.53
1.01
1.54
1.74
1.45
1.31
12.43
2.96
4.49
2.40
1.46
1.59
5.55
3.35
1.57
1.00
1.00
1.53
2.03
5.15
1.60
24.27
1.61
2.56
1.26
1.22
1.16
1.59
14.13
1.02
317.62
1.13
2.23
1.41
4.04
3.38
44.38
1.34
1.21
1.46
4.92
1.54
1.08
2.04
3.87
4.03
3.86
12.41
2.22
1.48
1.29
6.40
3.22
3.40
1.10
1.62
1.39
1.01
29.23
