1.77
1.24
1.33
3.25
5.71
5.89
1.61
5.54
3.87
15.07
2.15
1.00
2.23
3.56
1.46
1.02
1.20
1.68
2.14
1.41
2.47
7.25
2.37
8.47
1.87
1.07
1.43
1.41
1.04
1.04
1.02
2.04
1.78
1.00
1.48
8.79
1.88
2.08
1.26
1.39
3.74
1.26
5.39
1.08
4.69
1.40
1.01
106.31
1.91
1.37
1.52
1.31
1.36
33.26
1.27
2.67
1.20
1.83
1.44
1.25
4.55
13.91
1.25
2.14
52.45
3.17
1.50
11.05
2.94
1.20
2.20
2.67
2.01
3.02
1.81
1.17
13.74
1.32
1.17
1.39
2.61
21.73
1.25
2.79
1.06
3.23
2.10
1.50
1.35
1148.25
11.68
2.06
3.04
3.65
22.76
244.26
1.48
3.70
1.34
1.00
15.82
2.73
2.26
1.89
1.35
2.55
1.07
11.62
1.04
3.57
1.80
1.08
1.37
1.15
3.45
2.61
1.49
1.11
2.61
14.87
1.74
2.11
3.45
1.38
2.73
6.87
33.43
4.03
1.11
3.42
4.56
2.32
3.39
1.04
14.89
2.31
10.68
7.54
11.95
1.45
2.06
1.05
1.76
2.27
