1.13
1.05
29.31
1.64
1.31
1.20
3.42
1.00
1.56
1.00
1.41
1.81
1.13
1.22
3.94
12.21
1.48
5.62
1.53
1.13
3.56
2.99
2.94
2.29
2.23
1.88
6.42
6.61
1.01
2.44
2.97
1.05
5.22
4.46
1.39
4.93
1.00
1.44
24.62
38.75
1.56
2.15
1.45
1.27
1.37
5.02
2.54
2.49
3.78
1.36
1.75
10.54
6.49
2.27
1.27
2.23
1.49
2.04
2.87
1.08
1.10
1.18
4.51
1.05
1.08
1.00
7.02
26.88
11.03
1.53
1.25
1.32
1.32
147.99
1.59
1.07
1.29
1.30
1.36
2.09
1.40
3.02
233.42
1.17
1.17
1.10
8.92
4.59
1.55
1.11
1.75
1.02
1.55
1.99
1.22
1.62
1.04
2.65
2.38
5.32
1.00
1.73
6.42
2.51
57.48
4.96
3.10
1.58
1.12
1.04
1.38
14.86
1.89
1.44
1.74
1.26
1.43
7.75
1.28
6.74
1.07
1.54
17.49
1.21
1.25
6.82
1.69
2.54
1.90
5.37
1.00
2.68
1.00
4.24
4.35
5.81
3.95
1.93
1.23
1.12
1.92
1.00
1.11
2.11
1.53
1.00
1.43
1.63
4.14
14.04
62.21
