2.20
1.20
1.10
35.34
2.22
2.71
1.00
2.15
2.71
2.34
1.86
1.08
3.58
9.07
1.88
1.04
1.17
2.70
1.56
2.73
1.25
18.11
1.03
1.25
1.28
36.03
4.09
9.14
1.30
2.03
3.21
2.74
1.06
2.55
5.46
3.04
2.69
1.80
11.54
1.10
1.32
1.00
1.42
3.81
1.19
1.29
1.09
1.84
2.43
489.65
7.04
1.09
1.08
1.36
2.66
1.34
1.00
1.50
1.24
1.43
2.99
1.84
2.24
1.04
43.38
43.44
2.00
1.00
2.86
9.17
1.22
3.53
1.13
4.69
1.06
1.05
1.47
1.95
1.79
1.80
1.00
2.88
1.49
1.16
9.08
1.00
1.74
8.02
1.07
1.11
3.68
1.12
5.41
1.11
7.14
1.18
2.76
1.01
8.20
20.81
2.62
1.70
4.10
1.56
5.66
3.29
1.10
1.87
7.38
33.23
1.65
1.09
1.00
1.14
2.45
1.44
1.00
1.17
3.51
30.81
395.90
1.00
1.49
1.96
1.00
1.12
3.77
1.69
1.81
1.39
1.84
3.58
4.42
1.26
2.09
10.71
1.00
4.50
1.01
2.20
8.60
1.49
2.18
1.45
1.00
1.40
2.56
1.48
1.27
1.47
